ARMA_MAT_TXT_IU008
178 1
 0
 0
 0
 0
 2
 0
 0
 0
 0
 0
 0
 0
 0
 0
 0
 0
 0
 0
 0
 2
 2
 2
 0
 0
 2
 2
 0
 0
 2
 0
 0
 0
 0
 0
 0
 2
 2
 0
 0
 2
 2
 0
 0
 2
 2
 0
 0
 0
 0
 0
 0
 0
 0
 0
 0
 0
 0
 0
 0
 1
 2
 1
 2
 1
 1
 2
 1
 1
 2
 2
 2
 1
 1
 0
 2
 1
 1
 1
 2
 1
 1
 2
 2
 1
 1
 1
 1
 1
 2
 2
 1
 1
 1
 1
 1
 2
 2
 1
 2
 1
 2
 1
 1
 1
 2
 1
 1
 1
 1
 2
 1
 1
 2
 1
 1
 1
 1
 1
 1
 1
 2
 1
 1
 1
 1
 1
 1
 1
 1
 1
 2
 1
 1
 2
 2
 2
 2
 1
 1
 1
 2
 2
 1
 1
 2
 2
 1
 2
 2
 1
 1
 1
 1
 2
 2
 2
 1
 2
 2
 2
 1
 2
 1
 2
 2
 1
 2
 2
 2
 2
 1
 1
 2
 2
 2
 2
 2
 1
